
 (6) [0, 1, 1, 1, 1, 0]
  preduction is :  32.63870754006219
   [0.6930888429439899]
 (6) [0, 1, 1, 1, 1, 0]
  preduction is :  32.63870754006219
   [0.6930888429439899]
 (6) [0, 1, 1, 1, 1, 0]
  preduction is :  32.63870754006219
   [0.6930888429439899]
 (6) [0, 1, 1, 1, 1, 0]
  preduction is :  32.63870754006219
   [0.6930888429439899]
 (6) [0, 1, 1, 1, 1, 0]
  preduction is :  32.63870754006219
   [0.6930888429439899]
 (6) [0, 1, 1, 1, 1, 0]
  preduction is :  32.63870754006219
   [0.6930888429439899]
 (6) [0, 1, 1, 1, 1, 0]
  preduction is :  32.63870754006219
   [0.6930888429439899]
 (6) [0, 1, 1, 1, 1, 0]
  preduction is :  32.63870754006219
   [0.6930888429439899]
 (6) [0, 1, 1, 1, 1, 0]
  preduction is :  32.63870754006219
   [0.6930888429439899]
 (6) [0, 1, 1, 1, 1, 0]
  preduction is :  32.63870754006219
   [0.6930888429439899]
 (6) [0, 1, 1, 1, 1, 0]
  preduction is :  32.63870754006219
   [0.6930888429439899]
 (6) [0, 1, 1, 1, 1, 0]
  preduction is :  32.63870754006219
   [0.6930888429439899]
 (6) [0, 1, 1, 1, 1, 0]
  preduction is :  32.63870754006219
   [0.04025454526901269]
 (6) [0, 0, 0, 0, 0, 0]
  preduction is :  7.502006503284146
   [0.04025454526901269]
 (6) [0, 0, 0, 0, 0, 0]
  preduction is :  7.502006503284146
   [0.17263307278123072]
 (6) [1, 0, 0, 0, 0, 0]
  preduction is :  12.599103089070752
   [0.04025454526901269]
 (6) [0, 0, 0, 0, 0, 0]
  preduction is :  7.502006503284146
   [0.04025454526901269]
 (6) [0, 0, 0, 0, 0, 0]
  preduction is :  7.502006503284146
   [0.04025454526901269]
 (6) [0, 0, 0, 0, 0, 0]
  preduction is :  7.502006503284146
   [0.04025454526901269]
 (6) [0, 0, 0, 0, 0, 0]
  preduction is :  7.502006503284146
   [0.04025454526901269]
 (6) [0, 0, 0, 0, 0, 0]
  preduction is :  7.502006503284146
   [0.023312854551901362]
 (6) [1, 0, 0, 0, 0, 1]
  preduction is :  6.849684442188016
   [0.014679430254886706]
 (6) [0, 0, 1, 0, 0, 1]
  preduction is :  6.517263479854083
   [0.029563173124833152]
 (6) [0, 1, 1, 1, 0, 1]
  preduction is :  7.090346414011421
   [0.029563173124833152]
 (6) [0, 1, 1, 1, 0, 1]
  preduction is :  7.090346414011421
   [0.029563173124833152]
 (6) [0, 1, 1, 1, 0, 1]
  preduction is :  7.090346414011421
   [0.029563173124833152]
 (6) [0, 1, 1, 1, 0, 1]
  preduction is :  7.090346414011421
   [0.029563173124833152]
 (6) [0, 1, 1, 1, 0, 1]
  preduction is :  7.090346414011421
   [0.029563173124833152]
 (6) [0, 1, 1, 1, 0, 1]
  preduction is :  7.090346414011421
   [0.029563173124833152]
 (6) [0, 1, 1, 1, 0, 1]
  preduction is :  7.090346414011421
   [0.029563173124833152]
 (6) [0, 1, 1, 1, 0, 1]
  preduction is :  7.090346414011421
   [0.029563173124833152]
 (6) [0, 1, 1, 1, 0, 1]
  preduction is :  7.090346414011421
   [0.029563173124833152]
 (6) [0, 1, 1, 1, 0, 1]
  preduction is :  7.090346414011421
   [0.029563173124833152]
 (6) [0, 1, 1, 1, 0, 1]
  preduction is :  7.090346414011421
   [0.029563173124833152]
 (6) [0, 1, 1, 1, 0, 1]
  preduction is :  7.090346414011421
   [0.029563173124833152]
 (6) [0, 1, 1, 1, 0, 1]
  preduction is :  7.090346414011421
   [0.029563173124833152]
 (6) [0, 1, 1, 1, 0, 1]
  preduction is :  7.090346414011421
   [0.029563173124833152]
 (6) [0, 1, 1, 1, 0, 1]
  preduction is :  7.090346414011421
   [0.029563173124833152]
 (6) [0, 1, 1, 1, 0, 1]
  preduction is :  7.090346414011421
   [0.029563173124833152]
 (6) [0, 1, 1, 1, 0, 1]
  preduction is :  7.090346414011421
   [0.029563173124833152]
 (6) [0, 1, 1, 1, 0, 1]
  preduction is :  7.090346414011421
   [0.029563173124833152]
 (6) [0, 1, 1, 1, 0, 1]
  preduction is :  7.090346414011421
   [0.029563173124833152]
 (6) [0, 1, 1, 1, 0, 1]
  preduction is :  7.090346414011421
   [0.10128108026829703]
 (6) [1, 1, 1, 1, 0, 1]
  preduction is :  9.851769331387288
   [0.029563173124833152]
 (6) [0, 1, 1, 1, 0, 1]
  preduction is :  7.090346414011421
   [0.029563173124833152]
 (6) [0, 1, 1, 1, 0, 1]
  preduction is :  7.090346414011421
   [0.029563173124833152]
 (6) [0, 1, 1, 1, 0, 1]
  preduction is :  7.090346414011421
   [0.029563173124833152]
 (6) [0, 1, 1, 1, 0, 1]
  preduction is :  7.090346414011421
   [0.029563173124833152]
 (6) [0, 1, 1, 1, 0, 1]
  preduction is :  7.090346414011421
   [0.029563173124833152]
 (6) [0, 1, 1, 1, 0, 1]
  preduction is :  7.090346414011421
   [0.029563173124833152]
 (6) [0, 1, 1, 1, 0, 1]
  preduction is :  7.090346414011421
   [0.029563173124833152]
 (6) [0, 1, 1, 1, 0, 1]
  preduction is :  7.090346414011421
   [0.029563173124833152]
 (6) [0, 1, 1, 1, 0, 1]
  preduction is :  7.090346414011421
   [0.050273778042122685]
 (6) [0, 1, 1, 1, 1, 1]
  preduction is :  7.887786569883744
   [0.050273778042122685]
 (6) [0, 1, 1, 1, 1, 1]
  preduction is :  7.887786569883744
   [0.050273778042122685]
 (6) [0, 1, 1, 1, 1, 1]
  preduction is :  7.887786569883744
   [0.050273778042122685]
 (6) [0, 1, 1, 1, 1, 1]
  preduction is :  7.887786569883744
   [0.050273778042122685]
 (6) [0, 1, 1, 1, 1, 1]
  preduction is :  7.887786569883744
   [0.050273778042122685]
 (6) [0, 1, 1, 1, 1, 1]
  preduction is :  7.887786569883744
   [0.050273778042122685]
 (6) [0, 1, 1, 1, 1, 1]
  preduction is :  7.887786569883744
   [0.050273778042122685]
 (6) [0, 1, 1, 1, 1, 1]
  preduction is :  7.887786569883744
   [0.050273778042122685]
 (6) [0, 1, 1, 1, 1, 1]
  preduction is :  7.887786569883744
   [0.03421228383562254]
 (6) [0, 1, 1, 0, 1, 1]
  preduction is :  7.269355553758208
   [0.03421228383562254]
 (6) [0, 1, 1, 0, 1, 1]
  preduction is :  7.269355553758208
   [0.02160886098421212]
 (6) [0, 1, 1, 0, 0, 1]
  preduction is :  6.784073954148182
   [0.02160886098421212]
 (6) [0, 1, 1, 0, 0, 1]
  preduction is :  6.784073954148182
   [0.02160886098421212]
 (6) [0, 1, 1, 0, 0, 1]
  preduction is :  6.784073954148182
   [0.02160886098421212]
 (6) [0, 1, 1, 0, 0, 1]
  preduction is :  6.784073954148182
   [0.02160886098421212]
 (6) [0, 1, 1, 0, 0, 1]
  preduction is :  6.784073954148182
   [0.02160886098421212]
 (6) [0, 1, 1, 0, 0, 1]
  preduction is :  6.784073954148182
   [0.02160886098421212]
 (6) [0, 1, 1, 0, 0, 1]
  preduction is :  6.784073954148182
   [0.02160886098421212]
 (6) [0, 1, 1, 0, 0, 1]
  preduction is :  6.784073954148182
   [0.02160886098421212]
 (6) [0, 1, 1, 0, 0, 1]
  preduction is :  6.784073954148182
   [0.02160886098421212]
 (6) [0, 1, 1, 0, 0, 1]
  preduction is :  6.784073954148182
   [0.02160886098421212]
 (6) [0, 1, 1, 0, 0, 1]
  preduction is :  6.784073954148182
   [0.02160886098421212]
 (6) [0, 1, 1, 0, 0, 1]
  preduction is :  6.784073954148182
   [0.02160886098421212]
 (6) [0, 1, 1, 0, 0, 1]
  preduction is :  6.784073954148182
   [0.02160886098421212]
 (6) [0, 1, 1, 0, 0, 1]
  preduction is :  6.784073954148182
   [0.02160886098421212]
 (6) [0, 1, 1, 0, 0, 1]
  preduction is :  6.784073954148182
   [0.02160886098421212]
 (6) [0, 1, 1, 0, 0, 1]
  preduction is :  6.784073954148182
   [0.02160886098421212]
 (6) [0, 1, 1, 0, 0, 1]
  preduction is :  6.784073954148182
   [0.02160886098421212]
 (6) [0, 1, 1, 0, 0, 1]
  preduction is :  6.784073954148182
   [0.02160886098421212]
 (6) [0, 1, 1, 0, 0, 1]
  preduction is :  6.784073954148182
   [0.02160886098421212]
 (6) [0, 1, 1, 0, 0, 1]
  preduction is :  6.784073954148182
   [0.02160886098421212]
 (6) [0, 1, 1, 0, 0, 1]
  preduction is :  6.784073954148182
   [0.02160886098421212]
 (6) [0, 1, 1, 0, 0, 1]
  preduction is :  6.784073954148182
   [0.02160886098421212]
 (6) [0, 1, 1, 0, 0, 1]
  preduction is :  6.784073954148182
   [0.02160886098421212]
 (6) [0, 1, 1, 0, 0, 1]
  preduction is :  6.784073954148182
   [0.02160886098421212]
 (6) [0, 1, 1, 0, 0, 1]
  preduction is :  6.784073954148182
   [0.02160886098421212]
 (6) [0, 1, 1, 0, 0, 1]
  preduction is :  6.784073954148182
   [0.02160886098421212]
 (6) [0, 1, 1, 0, 0, 1]
  preduction is :  6.784073954148182
   [0.02160886098421212]
 (6) [0, 1, 1, 0, 0, 1]
  preduction is :  6.784073954148182
   [0.049818501852358844]
 (6) [1, 1, 1, 0, 0, 1]
  preduction is :  7.870256636925236
   [0.02160886098421212]
 (6) [0, 1, 1, 0, 0, 1]
  preduction is :  6.784073954148182
   [0.02160886098421212]
 (6) [0, 1, 1, 0, 0, 1]
  preduction is :  6.784073954148182
   [0.02160886098421212]
 (6) [0, 1, 1, 0, 0, 1]
  preduction is :  6.784073954148182
   [0.02160886098421212]
 (6) [0, 1, 1, 0, 0, 1]
  preduction is :  6.784073954148182
   [0.02160886098421212]
 (6) [0, 1, 1, 0, 0, 1]
  preduction is :  6.784073954148182
   [0.02160886098421212]
 (6) [0, 1, 1, 0, 0, 1]
  preduction is :  6.784073954148182
   [0.02160886098421212]
 (6) [0, 1, 1, 0, 0, 1]
  preduction is :  6.784073954148182
   [0.02160886098421212]
 (6) [0, 1, 1, 0, 0, 1]
  preduction is :  6.784073954148182
   [0.02160886098421212]
 (6) [0, 1, 1, 0, 0, 1]
  preduction is :  6.784073954148182
   [0.02160886098421212]
 (6) [0, 1, 1, 0, 0, 1]
  preduction is :  6.784073954148182
   [0.029563173124833152]
 (6) [0, 1, 1, 1, 0, 1]
  preduction is :  7.090346414011421
   [0.029563173124833152]
 (6) [0, 1, 1, 1, 0, 1]
  preduction is :  7.090346414011421
   [0.029563173124833152]
 (6) [0, 1, 1, 1, 0, 1]
  preduction is :  7.090346414011421
   [0.029563173124833152]
 (6) [0, 1, 1, 1, 0, 1]
  preduction is :  7.090346414011421
   [0.029563173124833152]
 (6) [0, 1, 1, 1, 0, 1]
  preduction is :  7.090346414011421
   [0.029563173124833152]
 (6) [0, 1, 1, 1, 0, 1]
  preduction is :  7.090346414011421
   [0.029563173124833152]
 (6) [0, 1, 1, 1, 0, 1]
  preduction is :  7.090346414011421
   [0.029563173124833152]
 (6) [0, 1, 1, 1, 0, 1]
  preduction is :  7.090346414011421
   [0.5086395956872113]
 (6) [0, 1, 1, 1, 0, 0]
  preduction is :  25.536682414751276
   [0.5086395956872113]
 (6) [0, 1, 1, 1, 0, 0]
  preduction is :  25.536682414751276
   [0.029563173124833152]
 (6) [0, 1, 1, 1, 0, 1]
  preduction is :  7.090346414011421
   [0.029563173124833152]
 (6) [0, 1, 1, 1, 0, 1]
  preduction is :  7.090346414011421
   [0.050273778042122685]
 (6) [0, 1, 1, 1, 1, 1]
  preduction is :  7.887786569883744
   [0.6930888429439899]
 (6) [0, 1, 1, 1, 1, 0]
  preduction is :  32.63870754006219
   [0.6930888429439899]
 (6) [0, 1, 1, 1, 1, 0]
  preduction is :  32.63870754006219
   [0.6930888429439899]
 (6) [0, 1, 1, 1, 1, 0]
  preduction is :  32.63870754006219
   [0.6930888429439899]
 (6) [0, 1, 1, 1, 1, 0]
  preduction is :  32.63870754006219
   [0.6930888429439899]
 (6) [0, 1, 1, 1, 1, 0]
  preduction is :  32.63870754006219
   [0.6930888429439899]
 (6) [0, 1, 1, 1, 1, 0]
  preduction is :  32.63870754006219
   [0.6930888429439899]
 (6) [0, 1, 1, 1, 1, 0]
  preduction is :  32.63870754006219
   [0.6930888429439899]
 (6) [0, 1, 1, 1, 1, 0]
  preduction is :  32.63870754006219
   [0.6930888429439899]
 (6) [0, 1, 1, 1, 1, 0]
  preduction is :  32.63870754006219
   [0.6930888429439899]
 (6) [0, 1, 1, 1, 1, 0]
  preduction is :  32.63870754006219
   [0.6930888429439899]
 (6) [0, 1, 1, 1, 1, 0]
  preduction is :  32.63870754006219
   [0.6930888429439899]
 (6) [0, 1, 1, 1, 1, 0]
  preduction is :  32.63870754006219
   [0.6930888429439899]
 (6) [0, 1, 1, 1, 1, 0]
  preduction is :  32.63870754006219
   [0.6930888429439899]
 (6) [0, 1, 1, 1, 1, 0]
  preduction is :  32.63870754006219
   [0.6930888429439899]
 (6) [0, 1, 1, 1, 1, 0]
  preduction is :  32.63870754006219
   [0.6930888429439899]
 (6) [0, 1, 1, 1, 1, 0]
  preduction is :  32.63870754006219
   [0.6930888429439899]
 (6) [0, 1, 1, 1, 1, 0]
  preduction is :  32.63870754006219
   [0.6930888429439899]
 (6) [0, 1, 1, 1, 1, 0]
  preduction is :  32.63870754006219
   [0.9031933153248648]
 (6) [1, 1, 1, 1, 1, 0]
  preduction is :  40.72856024470277
   [0.9031933153248648]
 (6) [1, 1, 1, 1, 1, 0]
  preduction is :  40.72856024470277
   [0.8809337721993048]
 (6) [1, 1, 1, 1, 0, 0]
  preduction is :  39.87147984504362
   [0.10128108026829703]
 (6) [1, 1, 1, 1, 0, 1]
  preduction is :  9.851769331387288
   [0.10128108026829703]
 (6) [1, 1, 1, 1, 0, 1]
  preduction is :  9.851769331387288
   [0.10128108026829703]
 (6) [1, 1, 1, 1, 0, 1]
  preduction is :  9.851769331387288
   [0.10128108026829703]
 (6) [1, 1, 1, 1, 0, 1]
  preduction is :  9.851769331387288
   [0.029563173124833152]
 (6) [0, 1, 1, 1, 0, 1]
  preduction is :  7.090346414011421
   [0.5086395956872113]
 (6) [0, 1, 1, 1, 0, 0]
  preduction is :  25.536682414751276
   [0.5086395956872113]
 (6) [0, 1, 1, 1, 0, 0]
  preduction is :  25.536682414751276
   [0.5086395956872113]
 (6) [0, 1, 1, 1, 0, 0]
  preduction is :  25.536682414751276
   [0.5086395956872113]
 (6) [0, 1, 1, 1, 0, 0]
  preduction is :  25.536682414751276
   [0.5086395956872113]
 (6) [0, 1, 1, 1, 0, 0]
  preduction is :  25.536682414751276
   [0.5086395956872113]
 (6) [0, 1, 1, 1, 0, 0]
  preduction is :  25.536682414751276
   [0.5086395956872113]
 (6) [0, 1, 1, 1, 0, 0]
  preduction is :  25.536682414751276
   [0.5086395956872113]
 (6) [0, 1, 1, 1, 0, 0]
  preduction is :  25.536682414751276
   [0.029563173124833152]
 (6) [0, 1, 1, 1, 0, 1]
  preduction is :  7.090346414011421
   [0.029563173124833152]
 (6) [0, 1, 1, 1, 0, 1]
  preduction is :  7.090346414011421
   [0.029563173124833152]
 (6) [0, 1, 1, 1, 0, 1]
  preduction is :  7.090346414011421
   [0.029563173124833152]
 (6) [0, 1, 1, 1, 0, 1]
  preduction is :  7.090346414011421
   [0.6930888429439899]
 (6) [0, 1, 1, 1, 1, 0]
  preduction is :  32.63870754006219
   [0.6930888429439899]
 (6) [0, 1, 1, 1, 1, 0]
  preduction is :  32.63870754006219
   [0.6930888429439899]
 (6) [0, 1, 1, 1, 1, 0]
  preduction is :  32.63870754006219
   [0.6930888429439899]
 (6) [0, 1, 1, 1, 1, 0]
  preduction is :  32.63870754006219
   [0.050273778042122685]
 (6) [0, 1, 1, 1, 1, 1]
  preduction is :  7.887786569883744
   [0.6930888429439899]
 (6) [0, 1, 1, 1, 1, 0]
  preduction is :  32.63870754006219
   [0.6930888429439899]
 (6) [0, 1, 1, 1, 1, 0]
  preduction is :  32.63870754006219
   [0.6930888429439899]
 (6) [0, 1, 1, 1, 1, 0]
  preduction is :  32.63870754006219
   [0.6930888429439899]
 (6) [0, 1, 1, 1, 1, 0]
  preduction is :  32.63870754006219
   [0.6930888429439899]
 (6) [0, 1, 1, 1, 1, 0]
  preduction is :  32.63870754006219
   [0.6930888429439899]
 (6) [0, 1, 1, 1, 1, 0]
  preduction is :  32.63870754006219
   [0.6930888429439899]
 (6) [0, 1, 1, 1, 1, 0]
  preduction is :  32.63870754006219
   [0.6930888429439899]
 (6) [0, 1, 1, 1, 1, 0]
  preduction is :  32.63870754006219
   [0.6930888429439899]
 (6) [0, 1, 1, 1, 1, 0]
  preduction is :  32.63870754006219
   [0.6930888429439899]
 (6) [0, 1, 1, 1, 1, 0]
  preduction is :  32.63870754006219
   [0.6930888429439899]
 (6) [0, 1, 1, 1, 1, 0]
  preduction is :  32.63870754006219
   [0.6930888429439899]
 (6) [0, 1, 1, 1, 1, 0]
  preduction is :  32.63870754006219
   [0.6930888429439899]
 (6) [0, 1, 1, 1, 1, 0]
  preduction is :  32.63870754006219
   [0.6930888429439899]
 (6) [0, 1, 1, 1, 1, 0]
  preduction is :  32.63870754006219
   [0.6930888429439899]
 (6) [0, 1, 1, 1, 1, 0]
  preduction is :  32.63870754006219
   [0.6930888429439899]
 (6) [0, 1, 1, 1, 1, 0]
  preduction is :  32.63870754006219
   [0.6930888429439899]
 (6) [0, 1, 1, 1, 1, 0]
  preduction is :  32.63870754006219
   [0.6930888429439899]
 (6) [0, 1, 1, 1, 1, 0]
  preduction is :  32.63870754006219
   [0.6930888429439899]
 (6) [0, 1, 1, 1, 1, 0]
  preduction is :  32.63870754006219
   [0.6930888429439899]
 (6) [0, 1, 1, 1, 1, 0]
  preduction is :  32.63870754006219
   [0.6930888429439899]
 (6) [0, 1, 1, 1, 1, 0]
  preduction is :  32.63870754006219
   [0.6930888429439899]
 (6) [0, 1, 1, 1, 1, 0]
  preduction is :  32.63870754006219
   [0.6930888429439899]
 (6) [0, 1, 1, 1, 1, 0]
  preduction is :  32.63870754006219
   [0.6930888429439899]
 (6) [0, 1, 1, 1, 1, 0]
  preduction is :  32.63870754006219
   [0.6930888429439899]
 (6) [0, 1, 1, 1, 1, 0]
  preduction is :  32.63870754006219
   [0.9031933153248648]
 (6) [1, 1, 1, 1, 1, 0]
  preduction is :  40.72856024470277
   [0.9031933153248648]
 (6) [1, 1, 1, 1, 1, 0]
  preduction is :  40.72856024470277
   [0.9031933153248648]
 (6) [1, 1, 1, 1, 1, 0]
  preduction is :  40.72856024470277
   [0.8809337721993048]
 (6) [1, 1, 1, 1, 0, 0]
  preduction is :  39.87147984504362
   [0.5086395956872113]
 (6) [0, 1, 1, 1, 0, 0]
  preduction is :  25.536682414751276
   [0.5086395956872113]
 (6) [0, 1, 1, 1, 0, 0]
  preduction is :  25.536682414751276
   [0.5086395956872113]
 (6) [0, 1, 1, 1, 0, 0]
  preduction is :  25.536682414751276
   [0.8809337721993048]
 (6) [1, 1, 1, 1, 0, 0]
  preduction is :  39.87147984504362
   [0.5086395956872113]
 (6) [0, 1, 1, 1, 0, 0]
  preduction is :  25.536682414751276
   [0.8809337721993048]
 (6) [1, 1, 1, 1, 0, 0]
  preduction is :  39.87147984504362
   [0.8809337721993048]
 (6) [1, 1, 1, 1, 0, 0]
  preduction is :  39.87147984504362
   [0.8809337721993048]
 (6) [1, 1, 1, 1, 0, 0]
  preduction is :  39.87147984504362
   [0.8809337721993048]
 (6) [1, 1, 1, 1, 0, 0]
  preduction is :  39.87147984504362
   [0.5086395956872113]
 (6) [0, 1, 1, 1, 0, 0]
  preduction is :  25.536682414751276
   [0.5086395956872113]
 (6) [0, 1, 1, 1, 0, 0]
  preduction is :  25.536682414751276
   [0.8809337721993048]
 (6) [1, 1, 1, 1, 0, 0]
  preduction is :  39.87147984504362
   [0.8809337721993048]
 (6) [1, 1, 1, 1, 0, 0]
  preduction is :  39.87147984504362
   [0.8809337721993048]
 (6) [1, 1, 1, 1, 0, 0]
  preduction is :  39.87147984504362
   [0.5086395956872113]
 (6) [0, 1, 1, 1, 0, 0]
  preduction is :  25.536682414751276
   [0.34950560286073085]
 (6) [1, 0, 0, 0, 1, 0]
  preduction is :  19.40939465319508
   [0.34950560286073085]
 (6) [1, 0, 0, 0, 1, 0]
  preduction is :  19.40939465319508
   [0.4173764134643481]
 (6) [0, 1, 1, 0, 1, 0]
  preduction is :  22.022689146672032
   [0.4173764134643481]
 (6) [0, 1, 1, 0, 1, 0]
  preduction is :  22.022689146672032
   [0.4173764134643481]
 (6) [0, 1, 1, 0, 1, 0]
  preduction is :  22.022689146672032
   [0.4173764134643481]
 (6) [0, 1, 1, 0, 1, 0]
  preduction is :  22.022689146672032
   [0.4173764134643481]
 (6) [0, 1, 1, 0, 1, 0]
  preduction is :  22.022689146672032
   [0.4173764134643481]
 (6) [0, 1, 1, 0, 1, 0]
  preduction is :  22.022689146672032
   [0.4173764134643481]
 (6) [0, 1, 1, 0, 1, 0]
  preduction is :  22.022689146672032
   [0.03421228383562254]
 (6) [0, 1, 1, 0, 1, 1]
  preduction is :  7.269355553758208
   [0.03421228383562254]
 (6) [0, 1, 1, 0, 1, 1]
  preduction is :  7.269355553758208
   [0.03421228383562254]
 (6) [0, 1, 1, 0, 1, 1]
  preduction is :  7.269355553758208
   [0.03421228383562254]
 (6) [0, 1, 1, 0, 1, 1]
  preduction is :  7.269355553758208
   [0.03421228383562254]
 (6) [0, 1, 1, 0, 1, 1]
  preduction is :  7.269355553758208
   [0.03421228383562254]
 (6) [0, 1, 1, 0, 1, 1]
  preduction is :  7.269355553758208
   [0.03421228383562254]
 (6) [0, 1, 1, 0, 1, 1]
  preduction is :  7.269355553758208
   [0.03421228383562254]
 (6) [0, 1, 1, 0, 1, 1]
  preduction is :  7.269355553758208
   [0.03421228383562254]
 (6) [0, 1, 1, 0, 1, 1]
  preduction is :  7.269355553758208
   [0.03421228383562254]
 (6) [0, 1, 1, 0, 1, 1]
  preduction is :  7.269355553758208
   [0.03421228383562254]
 (6) [0, 1, 1, 0, 1, 1]
  preduction is :  7.269355553758208
   [0.03421228383562254]
 (6) [0, 1, 1, 0, 1, 1]
  preduction is :  7.269355553758208
   [0.03421228383562254]
 (6) [0, 1, 1, 0, 1, 1]
  preduction is :  7.269355553758208
   [0.03421228383562254]
 (6) [0, 1, 1, 0, 1, 1]
  preduction is :  7.269355553758208
   [0.03421228383562254]
 (6) [0, 1, 1, 0, 1, 1]
  preduction is :  7.269355553758208
   [0.03421228383562254]
 (6) [0, 1, 1, 0, 1, 1]
  preduction is :  7.269355553758208
   [0.03421228383562254]
 (6) [0, 1, 1, 0, 1, 1]
  preduction is :  7.269355553758208
   [0.03421228383562254]
 (6) [0, 1, 1, 0, 1, 1]
  preduction is :  7.269355553758208
   [0.03421228383562254]
 (6) [0, 1, 1, 0, 1, 1]
  preduction is :  7.269355553758208
   [0.03421228383562254]
 (6) [0, 1, 1, 0, 1, 1]
  preduction is :  7.269355553758208
   [0.03421228383562254]
 (6) [0, 1, 1, 0, 1, 1]
  preduction is :  7.269355553758208
   [0.03421228383562254]
 (6) [0, 1, 1, 0, 1, 1]
  preduction is :  7.269355553758208
   [0.03421228383562254]
 (6) [0, 1, 1, 0, 1, 1]
  preduction is :  7.269355553758208
   [0.03421228383562254]
 (6) [0, 1, 1, 0, 1, 1]
  preduction is :  7.269355553758208
   [0.03421228383562254]
 (6) [0, 1, 1, 0, 1, 1]
  preduction is :  7.269355553758208
   [0.03421228383562254]
 (6) [0, 1, 1, 0, 1, 1]
  preduction is :  7.269355553758208
   [0.03421228383562254]
 (6) [0, 1, 1, 0, 1, 1]
  preduction is :  7.269355553758208
   [0.03421228383562254]
 (6) [0, 1, 1, 0, 1, 1]
  preduction is :  7.269355553758208
   [0.03421228383562254]
 (6) [0, 1, 1, 0, 1, 1]
  preduction is :  7.269355553758208
   [0.03421228383562254]
 (6) [0, 1, 1, 0, 1, 1]
  preduction is :  7.269355553758208
   [0.03421228383562254]
 (6) [0, 1, 1, 0, 1, 1]
  preduction is :  7.269355553758208
   [0.03421228383562254]
 (6) [0, 1, 1, 0, 1, 1]
  preduction is :  7.269355553758208
   [0.03421228383562254]
 (6) [0, 1, 1, 0, 1, 1]
  preduction is :  7.269355553758208
   [0.03421228383562254]
 (6) [0, 1, 1, 0, 1, 1]
  preduction is :  7.269355553758208
   [0.03421228383562254]
 (6) [0, 1, 1, 0, 1, 1]
  preduction is :  7.269355553758208
   [0.03421228383562254]
 (6) [0, 1, 1, 0, 1, 1]
  preduction is :  7.269355553758208
   [0.03421228383562254]
 (6) [0, 1, 1, 0, 1, 1]
  preduction is :  7.269355553758208
   [0.02160886098421212]
 (6) [0, 1, 1, 0, 0, 1]
  preduction is :  6.784073954148182
   [0.02160886098421212]
 (6) [0, 1, 1, 0, 0, 1]
  preduction is :  6.784073954148182
   [0.02160886098421212]
 (6) [0, 1, 1, 0, 0, 1]
  preduction is :  6.784073954148182
   [0.02160886098421212]
 (6) [0, 1, 1, 0, 0, 1]
  preduction is :  6.784073954148182
   [0.02160886098421212]
 (6) [0, 1, 1, 0, 0, 1]
  preduction is :  6.784073954148182
   [0.02160886098421212]
 (6) [0, 1, 1, 0, 0, 1]
  preduction is :  6.784073954148182
   [0.02160886098421212]
 (6) [0, 1, 1, 0, 0, 1]
  preduction is :  6.784073954148182
   [0.02160886098421212]
 (6) [0, 1, 1, 0, 0, 1]
  preduction is :  6.784073954148182
   [0.02160886098421212]
 (6) [0, 1, 1, 0, 0, 1]
  preduction is :  6.784073954148182
   [0.02160886098421212]
 (6) [0, 1, 1, 0, 0, 1]
  preduction is :  6.784073954148182
   [0.02160886098421212]
 (6) [0, 1, 1, 0, 0, 1]
  preduction is :  6.784073954148182
   [0.029563173124833152]
 (6) [0, 1, 1, 1, 0, 1]
  preduction is :  7.090346414011421
   [0.029563173124833152]
 (6) [0, 1, 1, 1, 0, 1]
  preduction is :  7.090346414011421
   [0.5086395956872113]
 (6) [0, 1, 1, 1, 0, 0]
  preduction is :  25.536682414751276
   [0.5086395956872113]
 (6) [0, 1, 1, 1, 0, 0]
  preduction is :  25.536682414751276
   [0.6930888429439899]
 (6) [0, 1, 1, 1, 1, 0]
  preduction is :  32.63870754006219
   [0.6930888429439899]
 (6) [0, 1, 1, 1, 1, 0]
  preduction is :  32.63870754006219
   [0.6930888429439899]
 (6) [0, 1, 1, 1, 1, 0]
  preduction is :  32.63870754006219
   [0.050273778042122685]
 (6) [0, 1, 1, 1, 1, 1]
  preduction is :  7.887786569883744
   [0.050273778042122685]
 (6) [0, 1, 1, 1, 1, 1]
  preduction is :  7.887786569883744
   [0.050273778042122685]
 (6) [0, 1, 1, 1, 1, 1]
  preduction is :  7.887786569883744
   [0.029563173124833152]
 (6) [0, 1, 1, 1, 0, 1]
  preduction is :  7.090346414011421
   [0.029563173124833152]
 (6) [0, 1, 1, 1, 0, 1]
  preduction is :  7.090346414011421
   [0.029563173124833152]
 (6) [0, 1, 1, 1, 0, 1]
  preduction is :  7.090346414011421
   [0.029563173124833152]
 (6) [0, 1, 1, 1, 0, 1]
  preduction is :  7.090346414011421
   [0.029563173124833152]
 (6) [0, 1, 1, 1, 0, 1]
  preduction is :  7.090346414011421
   [0.050273778042122685]
 (6) [0, 1, 1, 1, 1, 1]
  preduction is :  7.887786569883744
   [0.050273778042122685]
 (6) [0, 1, 1, 1, 1, 1]
  preduction is :  7.887786569883744
   [0.6930888429439899]
 (6) [0, 1, 1, 1, 1, 0]
  preduction is :  32.63870754006219
   [0.6930888429439899]
 (6) [0, 1, 1, 1, 1, 0]
  preduction is :  32.63870754006219
   [0.050273778042122685]
 (6) [0, 1, 1, 1, 1, 1]
  preduction is :  7.887786569883744
   [0.050273778042122685]
 (6) [0, 1, 1, 1, 1, 1]
  preduction is :  7.887786569883744
   [0.050273778042122685]
 (6) [0, 1, 1, 1, 1, 1]
  preduction is :  7.887786569883744
   [0.050273778042122685]
 (6) [0, 1, 1, 1, 1, 1]
  preduction is :  7.887786569883744
   [0.050273778042122685]
 (6) [0, 1, 1, 1, 1, 1]
  preduction is :  7.887786569883744
   [0.050273778042122685]
 (6) [0, 1, 1, 1, 1, 1]
  preduction is :  7.887786569883744
   [0.050273778042122685]
 (6) [0, 1, 1, 1, 1, 1]
  preduction is :  7.887786569883744
   [0.050273778042122685]
 (6) [0, 1, 1, 1, 1, 1]
  preduction is :  7.887786569883744
   [0.050273778042122685]
 (6) [0, 1, 1, 1, 1, 1]
  preduction is :  7.887786569883744
   [0.029563173124833152]
 (6) [0, 1, 1, 1, 0, 1]
  preduction is :  7.090346414011421
   [0.029563173124833152]
 (6) [0, 1, 1, 1, 0, 1]
  preduction is :  7.090346414011421
   [0.029563173124833152]
 (6) [0, 1, 1, 1, 0, 1]
  preduction is :  7.090346414011421
   [0.029563173124833152]
 (6) [0, 1, 1, 1, 0, 1]
  preduction is :  7.090346414011421
   [0.029563173124833152]
 (6) [0, 1, 1, 1, 0, 1]
  preduction is :  7.090346414011421
   [0.029563173124833152]
 (6) [0, 1, 1, 1, 0, 1]
  preduction is :  7.090346414011421
   [0.029563173124833152]
 (6) [0, 1, 1, 1, 0, 1]
  preduction is :  7.090346414011421
   [0.029563173124833152]
 (6) [0, 1, 1, 1, 0, 1]
  preduction is :  7.090346414011421
   [0.029563173124833152]
 (6) [0, 1, 1, 1, 0, 1]
  preduction is :  7.090346414011421
   [0.029563173124833152]
 (6) [0, 1, 1, 1, 0, 1]
  preduction is :  7.090346414011421
   [0.5086395956872113]
 (6) [0, 1, 1, 1, 0, 0]
  preduction is :  25.536682414751276
   [0.5086395956872113]
 (6) [0, 1, 1, 1, 0, 0]
  preduction is :  25.536682414751276
   [0.029563173124833152]
 (6) [0, 1, 1, 1, 0, 1]
  preduction is :  7.090346414011421
   [0.029563173124833152]
 (6) [0, 1, 1, 1, 0, 1]
  preduction is :  7.090346414011421
   [0.029563173124833152]
 (6) [0, 1, 1, 1, 0, 1]
  preduction is :  7.090346414011421
   [0.029563173124833152]
 (6) [0, 1, 1, 1, 0, 1]
  preduction is :  7.090346414011421
   [0.029563173124833152]
 (6) [0, 1, 1, 1, 0, 1]
  preduction is :  7.090346414011421
   [0.029563173124833152]
 (6) [0, 1, 1, 1, 0, 1]
  preduction is :  7.090346414011421
   [0.029563173124833152]
 (6) [0, 1, 1, 1, 0, 1]
  preduction is :  7.090346414011421
   [0.029563173124833152]
 (6) [0, 1, 1, 1, 0, 1]
  preduction is :  7.090346414011421
   [0.029563173124833152]
 (6) [0, 1, 1, 1, 0, 1]
  preduction is :  7.090346414011421
   [0.029563173124833152]
 (6) [0, 1, 1, 1, 0, 1]
  preduction is :  7.090346414011421
   [0.029563173124833152]
 (6) [0, 1, 1, 1, 0, 1]
  preduction is :  7.090346414011421
   [0.029563173124833152]
 (6) [0, 1, 1, 1, 0, 1]
  preduction is :  7.090346414011421
   [0.029563173124833152]
 (6) [0, 1, 1, 1, 0, 1]
  preduction is :  7.090346414011421
   [0.029563173124833152]
 (6) [0, 1, 1, 1, 0, 1]
  preduction is :  7.090346414011421
   [0.029563173124833152]
 (6) [0, 1, 1, 1, 0, 1]
  preduction is :  7.090346414011421
   [0.029563173124833152]
 (6) [0, 1, 1, 1, 0, 1]
  preduction is :  7.090346414011421
   [0.029563173124833152]
 (6) [0, 1, 1, 1, 0, 1]
  preduction is :  7.090346414011421
   [0.029563173124833152]
 (6) [0, 1, 1, 1, 0, 1]
  preduction is :  7.090346414011421
   [0.5086395956872113]
 (6) [0, 1, 1, 1, 0, 0]
  preduction is :  25.536682414751276
   [0.029563173124833152]
 (6) [0, 1, 1, 1, 0, 1]
  preduction is :  7.090346414011421
   [0.029563173124833152]
 (6) [0, 1, 1, 1, 0, 1]
  preduction is :  7.090346414011421
   [0.029563173124833152]
 (6) [0, 1, 1, 1, 0, 1]
  preduction is :  7.090346414011421
   [0.029563173124833152]
 (6) [0, 1, 1, 1, 0, 1]
  preduction is :  7.090346414011421
   [0.029563173124833152]
 (6) [0, 1, 1, 1, 0, 1]
  preduction is :  7.090346414011421
   [0.029563173124833152]
 (6) [0, 1, 1, 1, 0, 1]
  preduction is :  7.090346414011421
   [0.029563173124833152]
 (6) [0, 1, 1, 1, 0, 1]
  preduction is :  7.090346414011421
   [0.029563173124833152]
 (6) [0, 1, 1, 1, 0, 1]
  preduction is :  7.090346414011421
   [0.029563173124833152]
 (6) [0, 1, 1, 1, 0, 1]
  preduction is :  7.090346414011421
   [0.029563173124833152]
 (6) [0, 1, 1, 1, 0, 1]
  preduction is :  7.090346414011421
   [0.029563173124833152]
 (6) [0, 1, 1, 1, 0, 1]
  preduction is :  7.090346414011421
   [0.029563173124833152]
 (6) [0, 1, 1, 1, 0, 1]
  preduction is :  7.090346414011421
   [0.029563173124833152]
 (6) [0, 1, 1, 1, 0, 1]
  preduction is :  7.090346414011421
   [0.029563173124833152]
 (6) [0, 1, 1, 1, 0, 1]
  preduction is :  7.090346414011421
   [0.029563173124833152]
 (6) [0, 1, 1, 1, 0, 1]
  preduction is :  7.090346414011421
   [0.029563173124833152]
 (6) [0, 1, 1, 1, 0, 1]
  preduction is :  7.090346414011421
   [0.029563173124833152]
 (6) [0, 1, 1, 1, 0, 1]
  preduction is :  7.090346414011421
   [0.029563173124833152]
 (6) [0, 1, 1, 1, 0, 1]
  preduction is :  7.090346414011421
   [0.029563173124833152]
 (6) [0, 1, 1, 1, 0, 1]
  preduction is :  7.090346414011421
   [0.029563173124833152]
 (6) [0, 1, 1, 1, 0, 1]
  preduction is :  7.090346414011421
   [0.029563173124833152]
 (6) [0, 1, 1, 1, 0, 1]
  preduction is :  7.090346414011421
   [0.029563173124833152]
 (6) [0, 1, 1, 1, 0, 1]
  preduction is :  7.090346414011421
   [0.029563173124833152]
 (6) [0, 1, 1, 1, 0, 1]
  preduction is :  7.090346414011421
   [0.029563173124833152]
 (6) [0, 1, 1, 1, 0, 1]
  preduction is :  7.090346414011421
   [0.029563173124833152]
 (6) [0, 1, 1, 1, 0, 1]
  preduction is :  7.090346414011421
   [0.029563173124833152]
 (6) [0, 1, 1, 1, 0, 1]
  preduction is :  7.090346414011421
   [0.029563173124833152]
 (6) [0, 1, 1, 1, 0, 1]
  preduction is :  7.090346414011421
   [0.029563173124833152]
 (6) [0, 1, 1, 1, 0, 1]
  preduction is :  7.090346414011421
   [0.029563173124833152]
 (6) [0, 1, 1, 1, 0, 1]
  preduction is :  7.090346414011421
   [0.029563173124833152]
 (6) [0, 1, 1, 1, 0, 1]
  preduction is :  7.090346414011421
   [0.029563173124833152]
 (6) [0, 1, 1, 1, 0, 1]
  preduction is :  7.090346414011421
   [0.029563173124833152]
 (6) [0, 1, 1, 1, 0, 1]
  preduction is :  7.090346414011421
   [0.050273778042122685]
 (6) [0, 1, 1, 1, 1, 1]
  preduction is :  7.887786569883744
   [0.050273778042122685]
 (6) [0, 1, 1, 1, 1, 1]
  preduction is :  7.887786569883744
   [0.6930888429439899]
 (6) [0, 1, 1, 1, 1, 0]
  preduction is :  32.63870754006219
   [0.6930888429439899]
 (6) [0, 1, 1, 1, 1, 0]
  preduction is :  32.63870754006219
   [0.6930888429439899]
 (6) [0, 1, 1, 1, 1, 0]
  preduction is :  32.63870754006219
   [0.6930888429439899]
 (6) [0, 1, 1, 1, 1, 0]
  preduction is :  32.63870754006219
   [0.6930888429439899]
 (6) [0, 1, 1, 1, 1, 0]
  preduction is :  32.63870754006219
   [0.6930888429439899]
 (6) [0, 1, 1, 1, 1, 0]
  preduction is :  32.63870754006219
   [0.6930888429439899]
 (6) [0, 1, 1, 1, 1, 0]
  preduction is :  32.63870754006219
   [0.6930888429439899]
 (6) [0, 1, 1, 1, 1, 0]
  preduction is :  32.63870754006219
   [0.6930888429439899]
 (6) [0, 1, 1, 1, 1, 0]
  preduction is :  32.63870754006219
   [0.050273778042122685]
 (6) [0, 1, 1, 1, 1, 1]
  preduction is :  7.887786569883744
   [0.050273778042122685]
 (6) [0, 1, 1, 1, 1, 1]
  preduction is :  7.887786569883744
   [0.050273778042122685]
 (6) [0, 1, 1, 1, 1, 1]
  preduction is :  7.887786569883744
   [0.029563173124833152]
 (6) [0, 1, 1, 1, 0, 1]
  preduction is :  7.090346414011421
   [0.029563173124833152]
 (6) [0, 1, 1, 1, 0, 1]
  preduction is :  7.090346414011421
   [0.029563173124833152]
 (6) [0, 1, 1, 1, 0, 1]
  preduction is :  7.090346414011421
   [0.029563173124833152]
 (6) [0, 1, 1, 1, 0, 1]
  preduction is :  7.090346414011421
   [0.029563173124833152]
 (6) [0, 1, 1, 1, 0, 1]
  preduction is :  7.090346414011421
   [0.029563173124833152]
 (6) [0, 1, 1, 1, 0, 1]
  preduction is :  7.090346414011421
   [0.029563173124833152]
 (6) [0, 1, 1, 1, 0, 1]
  preduction is :  7.090346414011421
   [0.029563173124833152]
 (6) [0, 1, 1, 1, 0, 1]
  preduction is :  7.090346414011421
   [0.029563173124833152]
 (6) [0, 1, 1, 1, 0, 1]
  preduction is :  7.090346414011421
   [0.029563173124833152]
 (6) [0, 1, 1, 1, 0, 1]
  preduction is :  7.090346414011421
   [0.029563173124833152]
 (6) [0, 1, 1, 1, 0, 1]
  preduction is :  7.090346414011421
   [0.029563173124833152]
 (6) [0, 1, 1, 1, 0, 1]
  preduction is :  7.090346414011421
   [0.029563173124833152]
 (6) [0, 1, 1, 1, 0, 1]
  preduction is :  7.090346414011421
   [0.029563173124833152]
 (6) [0, 1, 1, 1, 0, 1]
  preduction is :  7.090346414011421
   [0.029563173124833152]
 (6) [0, 1, 1, 1, 0, 1]
  preduction is :  7.090346414011421
   [0.029563173124833152]
 (6) [0, 1, 1, 1, 0, 1]
  preduction is :  7.090346414011421
   [0.029563173124833152]
 (6) [0, 1, 1, 1, 0, 1]
  preduction is :  7.090346414011421
   [0.029563173124833152]
 (6) [0, 1, 1, 1, 0, 1]
  preduction is :  7.090346414011421
   [0.029563173124833152]
 (6) [0, 1, 1, 1, 0, 1]
  preduction is :  7.090346414011421
   [0.029563173124833152]
 (6) [0, 1, 1, 1, 0, 1]
  preduction is :  7.090346414011421
   [0.029563173124833152]
 (6) [0, 1, 1, 1, 0, 1]
  preduction is :  7.090346414011421
   [0.029563173124833152]
 (6) [0, 1, 1, 1, 0, 1]
  preduction is :  7.090346414011421
   [0.02160886098421212]
 (6) [0, 1, 1, 0, 0, 1]
  preduction is :  6.784073954148182
   [0.02160886098421212]
 (6) [0, 1, 1, 0, 0, 1]
  preduction is :  6.784073954148182
   [0.02160886098421212]
 (6) [0, 1, 1, 0, 0, 1]
  preduction is :  6.784073954148182
   [0.02160886098421212]
 (6) [0, 1, 1, 0, 0, 1]
  preduction is :  6.784073954148182
   [0.02160886098421212]
 (6) [0, 1, 1, 0, 0, 1]
  preduction is :  6.784073954148182
   [0.02160886098421212]
 (6) [0, 1, 1, 0, 0, 1]
  preduction is :  6.784073954148182
   [0.1770934972984534]
 (6) [0, 1, 1, 0, 0, 0]
  preduction is :  12.770847064511148
   [0.1770934972984534]
 (6) [0, 1, 1, 0, 0, 0]
  preduction is :  12.770847064511148
   [0.1770934972984534]
 (6) [0, 1, 1, 0, 0, 0]
  preduction is :  12.770847064511148
   [0.1770934972984534]
 (6) [0, 1, 1, 0, 0, 0]
  preduction is :  12.770847064511148
   [0.1770934972984534]
 (6) [0, 1, 1, 0, 0, 0]
  preduction is :  12.770847064511148
   [0.1770934972984534]
 (6) [0, 1, 1, 0, 0, 0]
  preduction is :  12.770847064511148
   [0.1770934972984534]
 (6) [0, 1, 1, 0, 0, 0]
  preduction is :  12.770847064511148
   [0.02160886098421212]
 (6) [0, 1, 1, 0, 0, 1]
  preduction is :  6.784073954148182
   [0.02160886098421212]
 (6) [0, 1, 1, 0, 0, 1]
  preduction is :  6.784073954148182
   [0.02160886098421212]
 (6) [0, 1, 1, 0, 0, 1]
  preduction is :  6.784073954148182
   [0.02160886098421212]
 (6) [0, 1, 1, 0, 0, 1]
  preduction is :  6.784073954148182
   [0.03421228383562254]
 (6) [0, 1, 1, 0, 1, 1]
  preduction is :  7.269355553758208
   [0.03421228383562254]
 (6) [0, 1, 1, 0, 1, 1]
  preduction is :  7.269355553758208
   [0.03421228383562254]
 (6) [0, 1, 1, 0, 1, 1]
  preduction is :  7.269355553758208
   [0.03421228383562254]
 (6) [0, 1, 1, 0, 1, 1]
  preduction is :  7.269355553758208
   [0.03421228383562254]
 (6) [0, 1, 1, 0, 1, 1]
  preduction is :  7.269355553758208
   [0.03421228383562254]
 (6) [0, 1, 1, 0, 1, 1]
  preduction is :  7.269355553758208
   [0.03421228383562254]
 (6) [0, 1, 1, 0, 1, 1]
  preduction is :  7.269355553758208
   [0.03421228383562254]
 (6) [0, 1, 1, 0, 1, 1]
  preduction is :  7.269355553758208
   [0.03421228383562254]
 (6) [0, 1, 1, 0, 1, 1]
  preduction is :  7.269355553758208
   [0.03421228383562254]
 (6) [0, 1, 1, 0, 1, 1]
  preduction is :  7.269355553758208
   [0.03421228383562254]
 (6) [0, 1, 1, 0, 1, 1]
  preduction is :  7.269355553758208
   [0.03421228383562254]
 (6) [0, 1, 1, 0, 1, 1]
  preduction is :  7.269355553758208
   [0.03421228383562254]
 (6) [0, 1, 1, 0, 1, 1]
  preduction is :  7.269355553758208
   [0.03421228383562254]
 (6) [0, 1, 1, 0, 1, 1]
  preduction is :  7.269355553758208
   [0.03421228383562254]
 (6) [0, 1, 1, 0, 1, 1]
  preduction is :  7.269355553758208
   [0.03421228383562254]
 (6) [0, 1, 1, 0, 1, 1]
  preduction is :  7.269355553758208
   [0.03421228383562254]
 (6) [0, 1, 1, 0, 1, 1]
  preduction is :  7.269355553758208
   [0.03421228383562254]
 (6) [0, 1, 1, 0, 1, 1]
  preduction is :  7.269355553758208
   [0.03421228383562254]
 (6) [0, 1, 1, 0, 1, 1]
  preduction is :  7.269355553758208
   [0.4173764134643481]
 (6) [0, 1, 1, 0, 1, 0]
  preduction is :  22.022689146672032
   [0.4173764134643481]
 (6) [0, 1, 1, 0, 1, 0]
  preduction is :  22.022689146672032
   [0.4173764134643481]
 (6) [0, 1, 1, 0, 1, 0]
  preduction is :  22.022689146672032
   [0.4173764134643481]
 (6) [0, 1, 1, 0, 1, 0]
  preduction is :  22.022689146672032
   [0.4173764134643481]
 (6) [0, 1, 1, 0, 1, 0]
  preduction is :  22.022689146672032
   [0.4173764134643481]
 (6) [0, 1, 1, 0, 1, 0]
  preduction is :  22.022689146672032
   [0.4173764134643481]
 (6) [0, 1, 1, 0, 1, 0]
  preduction is :  22.022689146672032
   [0.4173764134643481]
 (6) [0, 1, 1, 0, 1, 0]
  preduction is :  22.022689146672032
   [0.4173764134643481]
 (6) [0, 1, 1, 0, 1, 0]
  preduction is :  22.022689146672032
  function setup() {
 let nn = new NeuralNetwork(6,6,1);
 for (let i = 0 ;i<50000;i++){
   let data = random(training_data);
   nn.train(data.inputs,data.targets);
   
 }
 
 var input =[0	,	1	,	1	,	1	,	1	,	0	,
  0	,	1	,	1	,	1	,	1	,	0	,
  0	,	1	,	1	,	1	,	1	,	0	,
  0	,	1	,	1	,	1	,	1	,	0	,
  0	,	1	,	1	,	1	,	1	,	0	,
  0	,	1	,	1	,	1	,	1	,	0	,
  0	,	1	,	1	,	1	,	1	,	0	,
  0	,	1	,	1	,	1	,	1	,	0	,
  0	,	1	,	1	,	1	,	1	,	0	,
  0	,	1	,	1	,	1	,	1	,	0	,
  0	,	1	,	1	,	1	,	1	,	0	,
  0	,	1	,	1	,	1	,	1	,	0	,
  0	,	1	,	1	,	1	,	1	,	0	,
  0	,	0	,	0	,	0	,	0	,	0	,
  0	,	0	,	0	,	0	,	0	,	0	,
  1	,	0	,	0	,	0	,	0	,	0	,
  0	,	0	,	0	,	0	,	0	,	0	,
  0	,	0	,	0	,	0	,	0	,	0	,
  0	,	0	,	0	,	0	,	0	,	0	,
  0	,	0	,	0	,	0	,	0	,	0	,
  0	,	0	,	0	,	0	,	0	,	0	,
  1	,	0	,	0	,	0	,	0	,	1	,
  0	,	0	,	1	,	0	,	0	,	1	,
  0	,	1	,	1	,	1	,	0	,	1	,
  0	,	1	,	1	,	1	,	0	,	1	,
  0	,	1	,	1	,	1	,	0	,	1	,
  0	,	1	,	1	,	1	,	0	,	1	,
  0	,	1	,	1	,	1	,	0	,	1	,
  0	,	1	,	1	,	1	,	0	,	1	,
  0	,	1	,	1	,	1	,	0	,	1	,
  0	,	1	,	1	,	1	,	0	,	1	,
  0	,	1	,	1	,	1	,	0	,	1	,
  0	,	1	,	1	,	1	,	0	,	1	,
  0	,	1	,	1	,	1	,	0	,	1	,
  0	,	1	,	1	,	1	,	0	,	1	,
  0	,	1	,	1	,	1	,	0	,	1	,
  0	,	1	,	1	,	1	,	0	,	1	,
  0	,	1	,	1	,	1	,	0	,	1	,
  0	,	1	,	1	,	1	,	0	,	1	,
  0	,	1	,	1	,	1	,	0	,	1	,
  0	,	1	,	1	,	1	,	0	,	1	,
  0	,	1	,	1	,	1	,	0	,	1	,
  0	,	1	,	1	,	1	,	0	,	1	,
  1	,	1	,	1	,	1	,	0	,	1	,
  0	,	1	,	1	,	1	,	0	,	1	,
  0	,	1	,	1	,	1	,	0	,	1	,
  0	,	1	,	1	,	1	,	0	,	1	,
  0	,	1	,	1	,	1	,	0	,	1	,
  0	,	1	,	1	,	1	,	0	,	1	,
  0	,	1	,	1	,	1	,	0	,	1	,
  0	,	1	,	1	,	1	,	0	,	1	,
  0	,	1	,	1	,	1	,	0	,	1	,
  0	,	1	,	1	,	1	,	0	,	1	,
  0	,	1	,	1	,	1	,	1	,	1	,
  0	,	1	,	1	,	1	,	1	,	1	,
  0	,	1	,	1	,	1	,	1	,	1	,
  0	,	1	,	1	,	1	,	1	,	1	,
  0	,	1	,	1	,	1	,	1	,	1	,
  0	,	1	,	1	,	1	,	1	,	1	,
  0	,	1	,	1	,	1	,	1	,	1	,
  0	,	1	,	1	,	1	,	1	,	1	,
  0	,	1	,	1	,	1	,	1	,	1	,
  0	,	1	,	1	,	0	,	1	,	1	,
  0	,	1	,	1	,	0	,	1	,	1	,
  0	,	1	,	1	,	0	,	0	,	1	,
  0	,	1	,	1	,	0	,	0	,	1	,
  0	,	1	,	1	,	0	,	0	,	1	,
  0	,	1	,	1	,	0	,	0	,	1	,
  0	,	1	,	1	,	0	,	0	,	1	,
  0	,	1	,	1	,	0	,	0	,	1	,
  0	,	1	,	1	,	0	,	0	,	1	,
  0	,	1	,	1	,	0	,	0	,	1	,
  0	,	1	,	1	,	0	,	0	,	1	,
  0	,	1	,	1	,	0	,	0	,	1	,
  0	,	1	,	1	,	0	,	0	,	1	,
  0	,	1	,	1	,	0	,	0	,	1	,
  0	,	1	,	1	,	0	,	0	,	1	,
  0	,	1	,	1	,	0	,	0	,	1	,
  0	,	1	,	1	,	0	,	0	,	1	,
  0	,	1	,	1	,	0	,	0	,	1	,
  0	,	1	,	1	,	0	,	0	,	1	,
  0	,	1	,	1	,	0	,	0	,	1	,
  0	,	1	,	1	,	0	,	0	,	1	,
  0	,	1	,	1	,	0	,	0	,	1	,
  0	,	1	,	1	,	0	,	0	,	1	,
  0	,	1	,	1	,	0	,	0	,	1	,
  0	,	1	,	1	,	0	,	0	,	1	,
  0	,	1	,	1	,	0	,	0	,	1	,
  0	,	1	,	1	,	0	,	0	,	1	,
  0	,	1	,	1	,	0	,	0	,	1	,
  0	,	1	,	1	,	0	,	0	,	1	,
  0	,	1	,	1	,	0	,	0	,	1	,
  1	,	1	,	1	,	0	,	0	,	1	,
  0	,	1	,	1	,	0	,	0	,	1	,
  0	,	1	,	1	,	0	,	0	,	1	,
  0	,	1	,	1	,	0	,	0	,	1	,
  0	,	1	,	1	,	0	,	0	,	1	,
  0	,	1	,	1	,	0	,	0	,	1	,
  0	,	1	,	1	,	0	,	0	,	1	,
  0	,	1	,	1	,	0	,	0	,	1	,
  0	,	1	,	1	,	0	,	0	,	1	,
  0	,	1	,	1	,	0	,	0	,	1	,
  0	,	1	,	1	,	0	,	0	,	1	,
  0	,	1	,	1	,	1	,	0	,	1	,
  0	,	1	,	1	,	1	,	0	,	1	,
  0	,	1	,	1	,	1	,	0	,	1	,
  0	,	1	,	1	,	1	,	0	,	1	,
  0	,	1	,	1	,	1	,	0	,	1	,
  0	,	1	,	1	,	1	,	0	,	1	,
  0	,	1	,	1	,	1	,	0	,	1	,
  0	,	1	,	1	,	1	,	0	,	1	,
  0	,	1	,	1	,	1	,	0	,	0	,
  0	,	1	,	1	,	1	,	0	,	0	,
  0	,	1	,	1	,	1	,	0	,	1	,
  0	,	1	,	1	,	1	,	0	,	1	,
  0	,	1	,	1	,	1	,	1	,	1	,
  0	,	1	,	1	,	1	,	1	,	0	,
  0	,	1	,	1	,	1	,	1	,	0	,
  0	,	1	,	1	,	1	,	1	,	0	,
  0	,	1	,	1	,	1	,	1	,	0	,
  0	,	1	,	1	,	1	,	1	,	0	,
  0	,	1	,	1	,	1	,	1	,	0	,
  0	,	1	,	1	,	1	,	1	,	0	,
  0	,	1	,	1	,	1	,	1	,	0	,
  0	,	1	,	1	,	1	,	1	,	0	,
  0	,	1	,	1	,	1	,	1	,	0	,
  0	,	1	,	1	,	1	,	1	,	0	,
  0	,	1	,	1	,	1	,	1	,	0	,
  0	,	1	,	1	,	1	,	1	,	0	,
  0	,	1	,	1	,	1	,	1	,	0	,
  0	,	1	,	1	,	1	,	1	,	0	,
  0	,	1	,	1	,	1	,	1	,	0	,
  0	,	1	,	1	,	1	,	1	,	0	,
  0	,	1	,	1	,	1	,	1	,	0	,
  1	,	1	,	1	,	1	,	1	,	0	,
  1	,	1	,	1	,	1	,	1	,	0	,
  1	,	1	,	1	,	1	,	0	,	0	,
  1	,	1	,	1	,	1	,	0	,	1	,
  1	,	1	,	1	,	1	,	0	,	1	,
  1	,	1	,	1	,	1	,	0	,	1	,
  1	,	1	,	1	,	1	,	0	,	1	,
  0	,	1	,	1	,	1	,	0	,	1	,
  0	,	1	,	1	,	1	,	0	,	0	,
  0	,	1	,	1	,	1	,	0	,	0	,
  0	,	1	,	1	,	1	,	0	,	0	,
  0	,	1	,	1	,	1	,	0	,	0	,
  0	,	1	,	1	,	1	,	0	,	0	,
  0	,	1	,	1	,	1	,	0	,	0	,
  0	,	1	,	1	,	1	,	0	,	0	,
  0	,	1	,	1	,	1	,	0	,	0	,
  0	,	1	,	1	,	1	,	0	,	1	,
  0	,	1	,	1	,	1	,	0	,	1	,
  0	,	1	,	1	,	1	,	0	,	1	,
  0	,	1	,	1	,	1	,	0	,	1	,
  0	,	1	,	1	,	1	,	1	,	0	,
  0	,	1	,	1	,	1	,	1	,	0	,
  0	,	1	,	1	,	1	,	1	,	0	,
  0	,	1	,	1	,	1	,	1	,	0	,
  0	,	1	,	1	,	1	,	1	,	1	,
  0	,	1	,	1	,	1	,	1	,	0	,
  0	,	1	,	1	,	1	,	1	,	0	,
  0	,	1	,	1	,	1	,	1	,	0	,
  0	,	1	,	1	,	1	,	1	,	0	,
  0	,	1	,	1	,	1	,	1	,	0	,
  0	,	1	,	1	,	1	,	1	,	0	,
  0	,	1	,	1	,	1	,	1	,	0	,
  0	,	1	,	1	,	1	,	1	,	0	,
  0	,	1	,	1	,	1	,	1	,	0	,
  0	,	1	,	1	,	1	,	1	,	0	,
  0	,	1	,	1	,	1	,	1	,	0	,
  0	,	1	,	1	,	1	,	1	,	0	,
  0	,	1	,	1	,	1	,	1	,	0	,
  0	,	1	,	1	,	1	,	1	,	0	,
  0	,	1	,	1	,	1	,	1	,	0	,
  0	,	1	,	1	,	1	,	1	,	0	,
  0	,	1	,	1	,	1	,	1	,	0	,
  0	,	1	,	1	,	1	,	1	,	0	,
  0	,	1	,	1	,	1	,	1	,	0	,
  0	,	1	,	1	,	1	,	1	,	0	,
  0	,	1	,	1	,	1	,	1	,	0	,
  0	,	1	,	1	,	1	,	1	,	0	,
  0	,	1	,	1	,	1	,	1	,	0	,
  0	,	1	,	1	,	1	,	1	,	0	,
  0	,	1	,	1	,	1	,	1	,	0	,
  1	,	1	,	1	,	1	,	1	,	0	,
  1	,	1	,	1	,	1	,	1	,	0	,
  1	,	1	,	1	,	1	,	1	,	0	,
  1	,	1	,	1	,	1	,	0	,	0	,
  0	,	1	,	1	,	1	,	0	,	0	,
  0	,	1	,	1	,	1	,	0	,	0	,
  0	,	1	,	1	,	1	,	0	,	0	,
  1	,	1	,	1	,	1	,	0	,	0	,
  0	,	1	,	1	,	1	,	0	,	0	,
  1	,	1	,	1	,	1	,	0	,	0	,
  1	,	1	,	1	,	1	,	0	,	0	,
  1	,	1	,	1	,	1	,	0	,	0	,
  1	,	1	,	1	,	1	,	0	,	0	,
  0	,	1	,	1	,	1	,	0	,	0	,
  0	,	1	,	1	,	1	,	0	,	0	,
  1	,	1	,	1	,	1	,	0	,	0	,
  1	,	1	,	1	,	1	,	0	,	0	,
  1	,	1	,	1	,	1	,	0	,	0	,
  0	,	1	,	1	,	1	,	0	,	0	,
  1	,	0	,	0	,	0	,	1	,	0	,
  1	,	0	,	0	,	0	,	1	,	0	,
  0	,	1	,	1	,	0	,	1	,	0	,
  0	,	1	,	1	,	0	,	1	,	0	,
  0	,	1	,	1	,	0	,	1	,	0	,
  0	,	1	,	1	,	0	,	1	,	0	,
  0	,	1	,	1	,	0	,	1	,	0	,
  0	,	1	,	1	,	0	,	1	,	0	,
  0	,	1	,	1	,	0	,	1	,	0	,
  0	,	1	,	1	,	0	,	1	,	1	,
  0	,	1	,	1	,	0	,	1	,	1	,
  0	,	1	,	1	,	0	,	1	,	1	,
  0	,	1	,	1	,	0	,	1	,	1	,
  0	,	1	,	1	,	0	,	1	,	1	,
  0	,	1	,	1	,	0	,	1	,	1	,
  0	,	1	,	1	,	0	,	1	,	1	,
  0	,	1	,	1	,	0	,	1	,	1	,
  0	,	1	,	1	,	0	,	1	,	1	,
  0	,	1	,	1	,	0	,	1	,	1	,
  0	,	1	,	1	,	0	,	1	,	1	,
  0	,	1	,	1	,	0	,	1	,	1	,
  0	,	1	,	1	,	0	,	1	,	1	,
  0	,	1	,	1	,	0	,	1	,	1	,
  0	,	1	,	1	,	0	,	1	,	1	,
  0	,	1	,	1	,	0	,	1	,	1	,
  0	,	1	,	1	,	0	,	1	,	1	,
  0	,	1	,	1	,	0	,	1	,	1	,
  0	,	1	,	1	,	0	,	1	,	1	,
  0	,	1	,	1	,	0	,	1	,	1	,
  0	,	1	,	1	,	0	,	1	,	1	,
  0	,	1	,	1	,	0	,	1	,	1	,
  0	,	1	,	1	,	0	,	1	,	1	,
  0	,	1	,	1	,	0	,	1	,	1	,
  0	,	1	,	1	,	0	,	1	,	1	,
  0	,	1	,	1	,	0	,	1	,	1	,
  0	,	1	,	1	,	0	,	1	,	1	,
  0	,	1	,	1	,	0	,	1	,	1	,
  0	,	1	,	1	,	0	,	1	,	1	,
  0	,	1	,	1	,	0	,	1	,	1	,
  0	,	1	,	1	,	0	,	1	,	1	,
  0	,	1	,	1	,	0	,	1	,	1	,
  0	,	1	,	1	,	0	,	1	,	1	,
  0	,	1	,	1	,	0	,	1	,	1	,
  0	,	1	,	1	,	0	,	1	,	1	,
  0	,	1	,	1	,	0	,	1	,	1	,
  0	,	1	,	1	,	0	,	1	,	1	,
  0	,	1	,	1	,	0	,	0	,	1	,
  0	,	1	,	1	,	0	,	0	,	1	,
  0	,	1	,	1	,	0	,	0	,	1	,
  0	,	1	,	1	,	0	,	0	,	1	,
  0	,	1	,	1	,	0	,	0	,	1	,
  0	,	1	,	1	,	0	,	0	,	1	,
  0	,	1	,	1	,	0	,	0	,	1	,
  0	,	1	,	1	,	0	,	0	,	1	,
  0	,	1	,	1	,	0	,	0	,	1	,
  0	,	1	,	1	,	0	,	0	,	1	,
  0	,	1	,	1	,	0	,	0	,	1	,
  0	,	1	,	1	,	1	,	0	,	1	,
  0	,	1	,	1	,	1	,	0	,	1	,
  0	,	1	,	1	,	1	,	0	,	0	,
  0	,	1	,	1	,	1	,	0	,	0	,
  0	,	1	,	1	,	1	,	1	,	0	,
  0	,	1	,	1	,	1	,	1	,	0	,
  0	,	1	,	1	,	1	,	1	,	0	,
  0	,	1	,	1	,	1	,	1	,	1	,
  0	,	1	,	1	,	1	,	1	,	1	,
  0	,	1	,	1	,	1	,	1	,	1	,
  0	,	1	,	1	,	1	,	0	,	1	,
  0	,	1	,	1	,	1	,	0	,	1	,
  0	,	1	,	1	,	1	,	0	,	1	,
  0	,	1	,	1	,	1	,	0	,	1	,
  0	,	1	,	1	,	1	,	0	,	1	,
  0	,	1	,	1	,	1	,	1	,	1	,
  0	,	1	,	1	,	1	,	1	,	1	,
  0	,	1	,	1	,	1	,	1	,	0	,
  0	,	1	,	1	,	1	,	1	,	0	,
  0	,	1	,	1	,	1	,	1	,	1	,
  0	,	1	,	1	,	1	,	1	,	1	,
  0	,	1	,	1	,	1	,	1	,	1	,
  0	,	1	,	1	,	1	,	1	,	1	,
  0	,	1	,	1	,	1	,	1	,	1	,
  0	,	1	,	1	,	1	,	1	,	1	,
  0	,	1	,	1	,	1	,	1	,	1	,
  0	,	1	,	1	,	1	,	1	,	1	,
  0	,	1	,	1	,	1	,	1	,	1	,
  0	,	1	,	1	,	1	,	0	,	1	,
  0	,	1	,	1	,	1	,	0	,	1	,
  0	,	1	,	1	,	1	,	0	,	1	,
  0	,	1	,	1	,	1	,	0	,	1	,
  0	,	1	,	1	,	1	,	0	,	1	,
  0	,	1	,	1	,	1	,	0	,	1	,
  0	,	1	,	1	,	1	,	0	,	1	,
  0	,	1	,	1	,	1	,	0	,	1	,
  0	,	1	,	1	,	1	,	0	,	1	,
  0	,	1	,	1	,	1	,	0	,	1	,
  0	,	1	,	1	,	1	,	0	,	0	,
  0	,	1	,	1	,	1	,	0	,	0	,
  0	,	1	,	1	,	1	,	0	,	1	,
  0	,	1	,	1	,	1	,	0	,	1	,
  0	,	1	,	1	,	1	,	0	,	1	,
  0	,	1	,	1	,	1	,	0	,	1	,
  0	,	1	,	1	,	1	,	0	,	1	,
  0	,	1	,	1	,	1	,	0	,	1	,
  0	,	1	,	1	,	1	,	0	,	1	,
  0	,	1	,	1	,	1	,	0	,	1	,
  0	,	1	,	1	,	1	,	0	,	1	,
  0	,	1	,	1	,	1	,	0	,	1	,
  0	,	1	,	1	,	1	,	0	,	1	,
  0	,	1	,	1	,	1	,	0	,	1	,
  0	,	1	,	1	,	1	,	0	,	1	,
  0	,	1	,	1	,	1	,	0	,	1	,
  0	,	1	,	1	,	1	,	0	,	1	,
  0	,	1	,	1	,	1	,	0	,	1	,
  0	,	1	,	1	,	1	,	0	,	1	,
  0	,	1	,	1	,	1	,	0	,	1	,
  0	,	1	,	1	,	1	,	0	,	0	,
  0	,	1	,	1	,	1	,	0	,	1	,
  0	,	1	,	1	,	1	,	0	,	1	,
  0	,	1	,	1	,	1	,	0	,	1	,
  0	,	1	,	1	,	1	,	0	,	1	,
  0	,	1	,	1	,	1	,	0	,	1	,
  0	,	1	,	1	,	1	,	0	,	1	,
  0	,	1	,	1	,	1	,	0	,	1	,
  0	,	1	,	1	,	1	,	0	,	1	,
  0	,	1	,	1	,	1	,	0	,	1	,
  0	,	1	,	1	,	1	,	0	,	1	,
  0	,	1	,	1	,	1	,	0	,	1	,
  0	,	1	,	1	,	1	,	0	,	1	,
  0	,	1	,	1	,	1	,	0	,	1	,
  0	,	1	,	1	,	1	,	0	,	1	,
  0	,	1	,	1	,	1	,	0	,	1	,
  0	,	1	,	1	,	1	,	0	,	1	,
  0	,	1	,	1	,	1	,	0	,	1	,
  0	,	1	,	1	,	1	,	0	,	1	,
  0	,	1	,	1	,	1	,	0	,	1	,
  0	,	1	,	1	,	1	,	0	,	1	,
  0	,	1	,	1	,	1	,	0	,	1	,
  0	,	1	,	1	,	1	,	0	,	1	,
  0	,	1	,	1	,	1	,	0	,	1	,
  0	,	1	,	1	,	1	,	0	,	1	,
  0	,	1	,	1	,	1	,	0	,	1	,
  0	,	1	,	1	,	1	,	0	,	1	,
  0	,	1	,	1	,	1	,	0	,	1	,
  0	,	1	,	1	,	1	,	0	,	1	,
  0	,	1	,	1	,	1	,	0	,	1	,
  0	,	1	,	1	,	1	,	0	,	1	,
  0	,	1	,	1	,	1	,	0	,	1	,
  0	,	1	,	1	,	1	,	0	,	1	,
  0	,	1	,	1	,	1	,	1	,	1	,
  0	,	1	,	1	,	1	,	1	,	1	,
  0	,	1	,	1	,	1	,	1	,	0	,
  0	,	1	,	1	,	1	,	1	,	0	,
  0	,	1	,	1	,	1	,	1	,	0	,
  0	,	1	,	1	,	1	,	1	,	0	,
  0	,	1	,	1	,	1	,	1	,	0	,
  0	,	1	,	1	,	1	,	1	,	0	,
  0	,	1	,	1	,	1	,	1	,	0	,
  0	,	1	,	1	,	1	,	1	,	0	,
  0	,	1	,	1	,	1	,	1	,	0	,
  0	,	1	,	1	,	1	,	1	,	1	,
  0	,	1	,	1	,	1	,	1	,	1	,
  0	,	1	,	1	,	1	,	1	,	1	,
  0	,	1	,	1	,	1	,	0	,	1	,
  0	,	1	,	1	,	1	,	0	,	1	,
  0	,	1	,	1	,	1	,	0	,	1	,
  0	,	1	,	1	,	1	,	0	,	1	,
  0	,	1	,	1	,	1	,	0	,	1	,
  0	,	1	,	1	,	1	,	0	,	1	,
  0	,	1	,	1	,	1	,	0	,	1	,
  0	,	1	,	1	,	1	,	0	,	1	,
  0	,	1	,	1	,	1	,	0	,	1	,
  0	,	1	,	1	,	1	,	0	,	1	,
  0	,	1	,	1	,	1	,	0	,	1	,
  0	,	1	,	1	,	1	,	0	,	1	,
  0	,	1	,	1	,	1	,	0	,	1	,
  0	,	1	,	1	,	1	,	0	,	1	,
  0	,	1	,	1	,	1	,	0	,	1	,
  0	,	1	,	1	,	1	,	0	,	1	,
  0	,	1	,	1	,	1	,	0	,	1	,
  0	,	1	,	1	,	1	,	0	,	1	,
  0	,	1	,	1	,	1	,	0	,	1	,
  0	,	1	,	1	,	1	,	0	,	1	,
  0	,	1	,	1	,	1	,	0	,	1	,
  0	,	1	,	1	,	1	,	0	,	1	,
  0	,	1	,	1	,	0	,	0	,	1	,
  0	,	1	,	1	,	0	,	0	,	1	,
  0	,	1	,	1	,	0	,	0	,	1	,
  0	,	1	,	1	,	0	,	0	,	1	,
  0	,	1	,	1	,	0	,	0	,	1	,
  0	,	1	,	1	,	0	,	0	,	1	,
  0	,	1	,	1	,	0	,	0	,	0	,
  0	,	1	,	1	,	0	,	0	,	0	,
  0	,	1	,	1	,	0	,	0	,	0	,
  0	,	1	,	1	,	0	,	0	,	0	,
  0	,	1	,	1	,	0	,	0	,	0	,
  0	,	1	,	1	,	0	,	0	,	0	,
  0	,	1	,	1	,	0	,	0	,	0	,
  0	,	1	,	1	,	0	,	0	,	1	,
  0	,	1	,	1	,	0	,	0	,	1	,
  0	,	1	,	1	,	0	,	0	,	1	,
  0	,	1	,	1	,	0	,	0	,	1	,
  0	,	1	,	1	,	0	,	1	,	1	,
  0	,	1	,	1	,	0	,	1	,	1	,
  0	,	1	,	1	,	0	,	1	,	1	,
  0	,	1	,	1	,	0	,	1	,	1	,
  0	,	1	,	1	,	0	,	1	,	1	,
  0	,	1	,	1	,	0	,	1	,	1	,
  0	,	1	,	1	,	0	,	1	,	1	,
  0	,	1	,	1	,	0	,	1	,	1	,
  0	,	1	,	1	,	0	,	1	,	1	,
  0	,	1	,	1	,	0	,	1	,	1	,
  0	,	1	,	1	,	0	,	1	,	1	,
  0	,	1	,	1	,	0	,	1	,	1	,
  0	,	1	,	1	,	0	,	1	,	1	,
  0	,	1	,	1	,	0	,	1	,	1	,
  0	,	1	,	1	,	0	,	1	,	1	,
  0	,	1	,	1	,	0	,	1	,	1	,
  0	,	1	,	1	,	0	,	1	,	1	,
  0	,	1	,	1	,	0	,	1	,	1	,
  0	,	1	,	1	,	0	,	1	,	1	,
  0	,	1	,	1	,	0	,	1	,	0	,
  0	,	1	,	1	,	0	,	1	,	0	,
  0	,	1	,	1	,	0	,	1	,	0	,
  0	,	1	,	1	,	0	,	1	,	0	,
  0	,	1	,	1	,	0	,	1	,	0	,
  0	,	1	,	1	,	0	,	1	,	0	,
  0	,	1	,	1	,	0	,	1	,	0	,
  0	,	1	,	1	,	0	,	1	,	0	,
  0	,	1	,	1	,	0	,	1	,	0	
 ];
 +964 750 766 0037
 j=0;
 
  for (var i = 6;i<=input.length;i+=6){
    arr=input.slice(j,i);
    var dat = nn.feedforward(arr)
    console.log(nn.feedforward(arr));
   
    console.log(arr);
       j=j+6;
    var predection = (dat*44.45600027)-(dat*5.952047389)+5.952047389;
    console.log("preduction is : ",predection);


  }
 